0,0,0,0,1,0,0,0,0,0
0,0,0,1,0,1,0,0,0,0
1,0,0,0,0,0,0,0,0,0
0,4,0,0,1,0,0,0,0,0
0,2,0,0,0,0,0,1,0,2
0,0,0,0,1,0,0,0,0,0
0,0,0,0,1,0,0,0,0,0
0,0,0,0,0,0,0,0,1,0
1,0,0,0,0,0,0,0,0,0
0,2,0,0,0,0,0,0,0,0
0,1,0,0,0,0,0,0,0,0
1,0,0,0,0,0,0,0,0,0
1,0,0,0,0,0,0,0,0,0
0,0,0,0,0,1,0,0,0,0
1,0,0,0,0,0,0,0,0,1
0,0,0,0,0,0,1,0,0,0
0,0,0,0,0,0,1,0,0,0
0,0,0,0,0,0,1,0,0,0
0,0,0,0,0,0,0,0,1,0
0,0,0,0,0,0,1,0,0,0
0,0,0,0,0,0,0,0,0,1
2,0,0,0,0,0,0,0,0,0
0,1,0,0,0,0,0,0,0,0
1,0,0,0,0,0,0,0,0,0
1,0,0,0,0,1,0,0,0,0
0,0,0,0,0,1,0,0,0,1
0,0,1,0,0,0,0,0,0,0
0,0,0,0,0,0,0,0,0,1
0,0,0,0,0,1,0,0,0,0
1,0,0,0,0,0,0,0,0,0
0,0,0,0,0,1,0,0,0,0
0,0,0,0,0,1,0,0,0,0
0,0,0,0,0,1,0,0,0,0
0,1,0,0,1,0,0,0,0,0
0,0,1,0,0,0,0,0,0,0
0,1,0,0,0,0,0,0,1,0
0,0,1,0,0,0,0,0,0,1
0,0,0,0,0,0,0,0,0,1
0,0,0,0,0,0,0,0,1,0
0,0,0,0,0,1,0,0,1,0
2,0,0,0,0,0,1,0,0,0
0,0,0,0,0,1,0,0,0,0
0,0,0,0,1,0,0,0,2,0
0,0,0,0,0,0,0,1,0,2
0,0,0,0,0,0,0,0,1,0
0,1,0,0,0,0,0,0,0,0
0,0,0,0,0,0,0,0,0,3
0,0,0,0,0,0,0,0,0,1
0,0,0,0,0,0,0,1,3,1
0,0,2,0,0,0,0,0,0,0
0,0,0,0,0,1,0,0,0,0
1,1,2,1,1,0,0,1,0,1
0,0,0,1,1,1,0,0,1,1
0,1,0,0,0,0,0,0,0,0
0,0,0,0,0,0,0,2,1,1
0,1,2,0,0,0,0,0,3,2
0,0,0,0,0,1,0,0,0,0
0,0,1,0,0,0,0,0,2,0
0,1,1,2,2,0,0,0,3,0
0,0,0,1,0,0,0,0,0,0
0,2,0,1,1,0,0,0,1,0
0,0,0,1,0,0,0,0,0,0
0,0,0,0,0,0,0,0,1,0
0,1,0,0,1,0,0,0,1,1
0,0,0,0,1,0,1,0,0,0
0,0,0,0,1,0,0,0,0,0
0,0,0,0,0,0,0,1,0,0
0,0,0,0,1,0,0,0,0,0
0,1,0,0,0,0,0,0,0,0
0,0,0,0,1,0,0,0,0,0
0,0,0,0,1,0,0,0,0,0
0,0,0,0,1,0,0,0,0,0
0,0,0,0,0,0,0,0,1,0
0,0,0,0,0,0,0,1,0,0
0,0,0,0,1,0,0,1,0,0
0,1,0,0,0,0,0,0,0,0
0,0,0,0,0,0,0,1,0,1
0,0,0,0,1,0,0,0,0,0
0,0,0,0,0,0,0,0,1,0
0,0,0,0,1,0,0,0,0,0
0,0,0,0,1,0,0,0,0,0
0,0,0,0,0,0,0,0,0,1
0,0,0,0,1,0,0,0,0,0
0,1,0,0,0,0,0,2,0,0
0,0,0,0,1,0,0,0,0,0
0,0,0,0,0,0,0,0,0,1
0,0,0,0,0,0,0,0,1,0
0,1,0,0,0,0,0,0,0,0
0,0,0,0,1,0,0,0,0,0
0,0,0,0,1,0,0,0,0,0
0,0,0,0,0,0,0,0,1,0
0,0,0,0,0,0,0,1,0,0
0,1,0,0,0,0,0,0,0,0
0,0,0,0,0,0,0,1,0,0
0,1,0,0,0,0,0,1,0,0
0,0,0,0,0,0,0,1,0,0
5,4,9,3,10,14,5,7,7,6
0,0,0,0,1,0,0,0,0,0
0,0,0,0,0,0,0,0,0,1
0,0,3,0,0,1,3,1,0,0
0,0,0,0,0,0,3,0,0,0
0,0,1,0,0,0,0,0,0,0
0,0,0,0,0,1,0,0,0,0
0,0,1,0,0,0,0,0,0,0
0,1,0,0,0,0,0,0,0,0
0,0,0,0,0,1,0,0,0,0
1,0,0,0,0,0,0,0,0,1
0,0,0,0,0,0,0,0,8,3
0,0,1,0,0,0,0,0,0,0
0,1,0,0,0,0,0,0,0,0
0,0,1,0,0,0,0,0,0,0
0,0,0,0,0,2,0,0,0,0
0,0,0,0,0,0,0,0,0,1
0,1,0,0,0,1,0,0,0,1
0,0,1,0,0,0,0,0,1,0
0,0,0,0,0,0,0,1,1,1
0,0,0,0,0,1,0,0,0,0
0,0,0,3,0,0,0,0,0,0
0,0,0,0,1,0,0,0,0,0
0,0,0,0,0,0,0,0,1,0
0,0,0,0,0,0,0,0,2,1
0,0,0,0,0,0,0,0,1,0
0,0,0,0,1,0,0,1,4,3
0,0,0,0,0,0,0,1,0,0
0,0,0,0,0,0,2,0,1,1
0,0,1,0,0,0,0,0,0,0
0,1,0,0,0,0,0,0,0,0
0,0,0,0,0,0,0,0,0,1
5,1,0,1,0,0,0,0,0,0
1,5,0,0,0,0,0,0,0,0
0,3,0,1,0,1,1,0,0,0
0,0,0,0,1,0,0,0,0,0
1,0,0,0,0,0,0,0,0,0
0,0,0,0,1,0,0,0,0,0
0,0,0,0,0,0,1,0,0,0
0,0,1,0,0,0,1,0,0,0
1,0,0,0,0,0,0,0,0,0
0,0,0,0,0,2,0,0,0,0
3,3,1,2,0,1,1,0,0,2
0,0,0,0,0,0,1,0,0,0
0,0,0,0,0,0,0,0,0,1
0,0,1,0,0,0,0,0,0,0
0,0,0,1,0,0,0,0,0,0
1,0,0,0,0,0,0,0,0,0
0,0,0,1,0,0,0,0,0,0
0,0,0,0,0,0,0,0,0,1
0,1,1,1,0,3,0,0,3,1
0,0,0,0,0,0,0,0,1,0
0,0,0,0,0,0,0,0,0,1
0,1,0,1,0,0,0,0,0,1
3,2,5,1,1,3,1,2,0,2
11,11,9,27,5,35,10,8,21,14
0,0,1,0,0,0,0,0,0,0
0,0,0,0,2,0,0,0,0,0
0,0,0,0,0,0,0,0,0,1
0,0,0,0,0,0,0,0,0,1
0,0,0,1,0,0,0,0,0,0
0,0,0,2,0,0,0,0,0,0
0,0,0,1,0,0,0,0,0,0
1,0,0,0,0,0,0,0,0,0
1,0,0,0,0,0,0,0,0,0
1,1,0,0,0,0,0,0,0,0
1,0,0,0,1,0,0,0,0,0
1,0,0,0,0,0,0,0,0,0
1,0,0,0,0,0,0,0,0,0
0,0,0,0,0,0,0,3,0,2
0,0,1,0,0,0,0,0,0,0
0,0,0,0,0,3,1,0,0,0
0,0,0,0,0,0,0,0,0,1
0,0,0,0,0,0,2,0,0,0
0,0,0,0,0,0,2,0,0,0
0,0,0,0,0,0,1,0,0,0
1,0,0,0,0,0,0,0,0,0
0,0,0,0,0,0,0,0,1,0
0,1,0,0,0,0,0,0,0,0
0,0,0,0,0,0,0,1,0,0
0,0,0,2,0,8,0,0,0,0
0,0,1,0,0,0,0,0,0,0
0,0,0,0,0,0,1,0,0,0
0,0,0,0,0,1,0,0,0,0
0,2,0,1,0,1,0,0,0,0
0,0,0,2,0,2,0,0,0,0
0,0,0,1,0,0,0,0,0,0
0,0,0,0,0,1,0,0,0,0
6,5,7,4,1,2,0,5,6,6
0,1,0,0,0,0,0,0,0,0
1,0,0,0,0,0,0,0,0,0
0,0,0,1,0,0,0,0,0,0
0,0,0,0,0,0,0,0,1,0
0,0,0,1,0,0,0,1,0,0
0,0,1,0,0,0,0,0,0,0
5,2,2,0,1,5,1,1,2,0
1,0,0,0,0,0,0,0,0,0
0,1,0,0,0,0,0,0,0,0
0,0,0,0,0,1,0,0,0,0
0,0,0,0,0,0,1,0,0,0
0,0,0,0,0,0,0,2,0,2
0,0,2,0,0,0,0,0,0,0
0,0,1,0,1,0,0,0,0,0
0,0,0,1,1,0,0,0,1,0
0,0,0,0,0,0,0,0,1,0
0,0,0,2,0,0,0,0,0,0
0,0,0,0,0,1,0,0,0,0
0,0,0,0,1,0,0,1,1,0
0,0,1,0,0,0,0,0,0,0
0,0,0,0,1,0,0,0,0,0
0,0,0,0,1,0,0,0,0,0
0,0,0,0,0,1,0,0,0,0
0,0,0,0,0,0,0,1,0,0
0,4,0,1,0,0,0,0,0,0
0,3,0,1,0,0,0,0,0,0
0,0,0,1,0,0,0,0,0,0
0,0,0,0,0,1,0,0,0,0
1,0,0,0,0,0,0,0,0,0
1,0,0,0,0,0,0,0,0,0
0,1,0,0,0,0,0,0,0,0
0,1,0,0,0,0,0,0,0,0
0,0,1,0,0,0,0,0,0,0
0,0,0,0,0,0,2,0,0,0
0,0,0,0,0,0,0,0,0,1
3,0,0,0,0,0,0,0,0,0
1,0,0,0,0,0,0,0,0,0
0,0,0,0,0,0,1,0,0,0
1,0,0,0,0,0,0,0,0,0
0,0,0,0,0,0,0,0,1,0
0,0,0,0,0,0,0,0,0,1
0,0,0,0,3,0,0,0,0,1
0,0,0,1,0,2,0,0,0,0
0,0,1,0,0,0,0,0,0,0
0,0,0,0,1,0,0,0,0,0
0,1,0,2,1,3,1,0,0,1
0,0,0,1,0,0,0,0,0,0
0,0,1,0,0,0,0,0,0,0
0,0,1,0,0,0,0,0,0,0
0,0,0,0,0,0,0,0,0,1
1,1,0,1,0,2,0,0,0,4
0,0,0,0,0,1,0,0,1,1
0,0,0,0,0,0,0,1,1,0
0,0,1,0,0,0,0,0,0,0
0,0,0,0,0,0,0,0,0,1
0,0,0,2,1,0,0,0,0,0
0,0,0,1,0,0,0,0,0,0
0,0,0,1,0,0,0,0,0,0
0,0,0,0,0,0,0,0,0,1
0,0,1,3,1,0,0,0,0,0
0,0,0,0,0,1,1,0,0,0
0,0,0,2,0,0,0,0,0,0
0,0,0,0,0,1,0,0,0,0
0,1,0,0,0,0,0,0,0,0
1,0,0,0,0,0,0,0,0,0
0,0,0,0,0,0,0,0,1,0
1,0,0,0,0,0,0,0,0,0
0,1,0,0,0,0,0,0,0,0
0,10,0,0,0,0,0,0,0,0
0,2,0,0,0,0,0,0,0,0
1,0,0,0,0,0,0,0,0,0
0,0,0,0,0,0,0,0,1,0
1,0,0,0,0,0,0,0,0,0
0,0,0,0,0,1,1,0,0,0
0,0,0,0,0,1,0,0,0,0
0,0,0,1,0,0,0,0,0,0
1,1,1,0,1,1,1,0,2,2
0,0,0,0,0,3,0,0,0,0
0,0,0,0,0,1,0,0,0,0
0,1,0,0,0,0,1,0,0,1
0,1,0,0,0,0,0,0,0,0
0,0,0,2,0,0,0,0,0,0
0,1,0,0,0,0,0,0,0,0
0,0,0,0,0,1,0,0,0,0
0,1,0,0,0,0,0,0,0,0
3,0,0,0,0,0,0,0,0,0
0,0,0,0,0,0,2,0,0,0
0,0,0,0,0,0,0,0,1,0
0,0,1,0,0,0,0,0,0,0
0,0,0,0,0,0,1,0,0,0
0,0,0,0,0,0,2,0,0,0
0,0,0,0,0,0,0,0,1,0
0,0,0,0,0,0,0,0,0,1
0,1,0,0,0,0,0,0,0,0
0,0,1,0,0,0,0,0,0,0
0,0,0,0,0,0,0,0,0,1
0,0,0,1,0,0,0,0,0,0
0,0,0,0,2,0,0,0,0,0
1,0,0,0,0,0,0,0,1,0
0,0,1,0,0,0,0,0,0,0
0,0,0,0,0,0,0,6,0,12
0,0,0,0,0,0,0,0,0,1
0,0,0,0,0,0,0,0,0,1
0,0,0,0,0,0,0,0,0,1
0,0,0,0,0,0,0,0,0,1
0,0,0,1,0,0,0,0,0,0
1,3,4,3,2,3,1,2,1,1
0,0,2,0,0,0,0,0,0,0
0,0,0,0,0,0,0,0,1,0
0,0,0,0,0,0,0,0,1,0
0,0,0,1,0,0,0,0,0,0
0,0,0,0,0,0,0,0,3,1
0,1,0,2,0,0,0,0,0,0
0,0,1,0,0,0,0,0,0,0
0,0,0,0,0,0,0,0,1,1
0,1,0,0,1,0,0,0,0,0
0,1,0,0,0,0,0,0,0,0
0,0,0,0,0,0,2,0,0,0
1,0,0,0,0,0,0,0,0,0
0,0,0,0,0,1,0,0,0,0
0,0,0,0,0,1,0,0,0,0
0,0,0,0,1,0,0,0,0,0
0,0,0,0,0,1,0,0,0,0
0,0,0,0,0,0,1,0,0,0
0,0,0,0,1,0,0,0,0,0
0,0,0,0,0,0,0,0,0,1
0,0,0,0,0,1,0,0,0,0
0,0,0,0,1,0,0,0,0,0
0,0,0,1,0,0,0,0,0,0
0,0,0,0,1,0,0,0,0,0
0,0,0,1,0,0,0,0,0,0
0,0,0,0,0,1,1,0,0,0
0,0,0,1,0,0,0,0,0,0
0,0,1,0,0,0,0,0,0,0
0,0,0,1,0,0,0,0,0,0
0,0,1,0,0,0,0,0,0,0
0,1,0,0,0,0,0,0,0,0
0,0,0,1,0,0,0,0,0,0
0,0,0,2,0,0,0,0,0,0
0,0,0,1,0,0,0,0,2,0
0,0,0,0,0,1,0,0,0,0
0,0,0,0,0,0,0,0,0,1
0,0,0,1,0,0,0,0,0,0
0,0,0,1,0,0,0,0,0,0
0,0,0,0,0,1,0,0,0,0
0,0,0,0,0,1,0,0,0,0
0,0,0,1,0,0,0,0,0,0
0,0,0,0,0,0,1,0,0,0
0,0,0,1,0,0,0,0,0,0
1,0,0,1,0,0,0,0,0,0
1,0,0,0,0,0,0,0,0,0
0,0,1,0,0,0,0,0,0,0
0,0,1,0,0,0,0,0,0,0
0,0,1,0,0,0,0,0,0,0
0,0,0,0,0,1,0,0,0,0
0,0,0,0,0,0,0,1,0,0
0,0,0,0,1,0,0,0,0,0
0,0,0,0,0,0,0,0,1,0
0,0,0,0,0,1,0,0,0,0
0,0,0,0,0,1,0,0,0,0
1,0,0,0,0,0,0,0,0,0
0,0,0,0,0,0,0,0,1,0
1,0,0,0,0,0,0,0,1,2
1,0,0,0,0,0,0,0,0,0
0,0,0,0,0,0,1,0,0,0
0,0,0,0,0,0,1,0,0,0
1,0,0,0,0,0,0,0,0,0
0,0,0,0,0,1,0,0,0,0
0,0,0,0,0,0,1,0,0,0
4,0,0,0,0,0,0,0,0,0
0,0,0,1,0,0,0,0,0,0
0,0,0,1,0,0,0,0,0,0
0,0,0,0,0,1,0,0,0,0
1,0,0,0,0,0,0,0,0,0
0,0,0,0,1,2,2,0,0,0
0,0,0,0,1,0,0,0,0,0
0,0,0,0,0,1,0,0,0,0
0,0,0,0,0,0,0,0,1,0
0,0,0,0,0,0,0,0,1,0
0,1,0,0,0,0,0,0,0,0
1,0,0,0,0,0,0,0,0,0
1,0,0,0,0,0,0,0,0,0
0,0,1,0,0,0,0,0,0,0
0,1,0,3,0,0,0,0,0,0
0,0,0,0,0,0,0,0,1,0
0,0,0,0,0,1,0,0,0,0
0,1,0,0,0,0,0,0,0,0
0,0,0,1,0,0,0,0,0,0
0,0,0,0,0,1,0,0,0,0
0,0,0,0,0,1,0,0,0,0
0,0,0,0,0,3,0,0,0,0
0,0,0,0,0,1,0,0,0,0
0,0,0,0,0,2,0,0,0,0
0,0,0,0,0,1,0,0,0,0
0,0,0,0,0,2,0,0,0,0
0,0,0,0,0,1,0,0,0,0
0,0,0,0,0,1,0,0,0,0
0,0,0,3,0,0,0,0,0,0
0,0,0,0,0,1,0,0,0,0
1,0,0,0,0,0,0,0,0,0
0,0,0,0,0,0,1,0,0,0
0,0,0,0,0,0,0,0,0,1
0,0,0,0,0,0,0,0,0,1
1,0,0,0,0,0,0,0,0,0
1,0,0,0,0,0,0,0,0,0
0,1,0,0,0,0,0,0,0,0
0,0,0,0,0,0,0,0,0,1
0,0,0,0,0,0,0,0,1,0
0,0,0,0,0,0,0,0,1,0
0,0,0,0,0,1,0,0,0,0
0,0,0,1,0,0,0,0,0,0
0,0,0,1,0,0,0,0,0,0
0,0,0,1,0,1,0,0,0,0
0,0,0,1,0,0,0,0,0,0
0,0,0,0,0,1,0,0,0,0
0,0,0,0,0,1,0,0,0,0
0,0,0,0,0,0,0,1,1,0
0,1,0,0,0,0,0,0,0,0
0,0,0,0,0,0,0,0,4,1
0,0,0,0,0,0,0,0,0,1
0,0,0,0,0,0,0,0,1,0
0,0,0,0,0,0,0,0,0,1
0,0,0,0,0,1,0,0,0,0
0,0,0,1,0,0,0,0,0,0
2,0,0,0,0,0,0,0,0,0
0,0,0,0,0,0,0,0,0,1
0,0,1,0,0,0,0,0,0,0
0,0,0,0,0,0,0,0,1,0
1,0,0,0,0,0,0,0,0,0
1,0,0,0,0,0,0,0,0,0
0,0,0,1,0,0,0,0,0,0
0,0,0,2,0,1,0,0,0,0
0,0,0,0,0,0,0,0,1,0
0,0,0,1,0,0,0,0,0,0
0,0,0,1,0,0,0,0,0,0
1,0,0,0,0,0,0,1,0,1
0,0,0,0,0,1,0,0,0,0
0,0,0,0,0,0,0,0,0,2
0,0,0,0,0,1,0,0,0,0
0,0,3,0,0,0,0,0,0,0
0,0,0,0,0,0,0,0,1,0
0,0,0,0,1,0,0,0,0,0
0,0,0,0,0,1,0,0,0,0
0,0,0,0,0,0,0,0,1,0
1,0,0,0,1,0,0,0,0,1
0,0,0,0,0,0,2,0,0,0
0,0,0,0,0,0,0,0,0,1
0,0,0,0,0,0,0,0,0,1
1,0,0,0,0,0,0,0,0,0
0,0,0,1,0,0,0,0,0,0
1,0,0,0,0,0,0,0,0,0
1,0,0,0,0,0,0,0,0,0
0,1,1,0,0,0,0,0,0,0
1,0,0,0,0,0,0,0,0,0
2,0,1,0,0,0,0,0,0,0
0,0,2,0,0,0,0,0,0,0
1,0,0,0,0,0,0,0,0,0
0,0,0,0,0,0,0,0,1,0
0,0,0,0,0,0,0,0,1,0
0,0,0,0,0,0,0,0,0,1
0,0,0,0,0,0,0,0,1,0
0,0,0,1,0,0,0,0,0,0
1,0,0,0,0,0,0,0,0,0
0,0,0,0,0,1,0,0,0,0
0,0,0,0,0,0,0,0,0,1
0,0,0,0,0,0,0,0,0,1
0,0,0,0,0,0,0,1,0,0
0,0,0,0,0,0,0,0,1,0
0,0,0,0,0,0,0,0,1,1
0,0,0,0,0,0,0,0,1,0
0,0,0,0,0,0,0,0,1,0
1,0,0,0,0,0,0,0,0,0
0,0,0,0,0,0,0,0,1,0
0,0,1,0,0,0,0,0,0,0
0,0,0,0,0,0,0,0,4,2
1,0,0,0,0,0,0,0,0,0
0,0,2,0,0,0,0,0,0,0
0,0,0,0,0,2,0,0,0,0
0,0,0,0,0,2,0,0,0,0
0,0,0,0,0,2,0,0,0,0
0,0,0,1,0,0,0,0,0,0
0,0,0,0,0,0,1,0,0,0
0,0,0,0,0,0,1,0,0,0
0,0,1,0,0,0,0,0,0,0
1,0,0,0,0,0,0,0,0,0
0,0,0,0,0,2,0,0,0,0
0,0,0,1,0,0,0,0,0,0
0,0,0,1,0,0,0,0,0,0
0,0,0,0,0,1,0,0,0,0
0,0,0,1,0,0,0,0,0,0
0,0,0,2,0,1,0,0,0,0
0,0,0,10,0,0,0,0,0,0
0,0,0,1,0,0,0,0,0,0
0,0,0,0,0,1,0,0,0,0
1,0,0,0,0,0,0,0,0,0
0,0,0,0,0,0,0,0,1,0
0,0,1,0,0,0,0,0,0,0
0,0,0,0,0,1,0,0,0,0
0,1,0,1,0,0,0,0,0,0
0,0,0,2,0,0,0,0,0,0
0,0,0,0,0,0,0,1,0,0
0,0,0,0,0,0,0,0,1,0
0,0,0,0,2,0,0,0,0,0
0,0,0,1,0,0,0,0,0,0
2,0,0,0,0,0,0,0,0,0
0,0,1,0,0,0,0,0,0,0
0,0,0,0,0,0,0,0,2,0
0,0,0,0,0,0,0,0,2,0
1,0,0,0,0,0,0,0,0,0
0,0,0,0,0,0,0,0,1,0
0,0,0,0,1,0,0,0,0,0
0,0,0,0,1,0,0,0,0,0
0,0,0,0,1,0,0,0,0,0
0,0,0,0,1,0,0,0,0,0
0,0,0,0,0,0,0,0,0,1
0,0,0,0,1,0,0,0,0,0
1,0,0,0,0,0,0,0,0,0
0,0,0,1,0,0,0,0,0,0
0,1,2,0,1,0,0,1,2,2
0,0,1,0,0,0,0,0,0,0
0,0,0,0,0,2,0,0,0,0
1,0,0,0,0,1,0,1,0,0
0,1,0,0,0,0,0,0,0,0
0,1,0,1,1,0,0,0,0,0
0,0,0,0,0,0,0,0,1,0
0,0,0,2,0,0,0,0,0,0
0,0,0,1,0,0,0,0,0,0
1,0,0,0,0,0,0,0,0,0
0,0,0,0,0,0,2,0,1,1
0,0,0,0,0,0,1,0,0,0
0,0,0,0,0,0,1,0,0,0
0,0,0,0,0,0,1,0,0,0
0,0,0,0,0,0,0,1,0,1
0,0,0,1,0,0,0,0,0,0
0,0,0,0,0,0,1,0,0,0
0,0,0,0,0,0,0,0,0,1
0,0,0,0,0,1,0,0,0,0
0,1,0,0,0,0,0,0,0,0
0,0,0,0,0,0,0,0,0,1
0,0,0,0,0,0,0,0,0,2
0,0,0,0,0,0,0,0,3,3
0,0,0,0,0,0,0,0,0,1
0,0,0,0,0,0,1,0,0,0
0,0,0,1,0,0,0,0,0,0
0,0,0,0,0,2,0,0,0,1
0,0,0,0,0,0,0,0,1,0
0,0,0,1,0,0,0,0,0,0
0,0,0,0,0,0,0,1,0,0
0,0,1,0,0,0,0,0,0,0
0,0,0,1,0,0,0,0,0,0
0,0,0,0,0,0,1,1,0,0
1,0,0,0,0,0,0,0,0,0
0,0,0,0,0,1,0,0,0,0
0,0,0,1,0,0,0,0,0,0
0,0,0,1,0,0,0,0,0,0
0,0,0,0,0,0,0,0,0,1
0,0,0,0,0,0,0,0,1,0
0,0,0,0,0,0,0,0,1,0
1,0,0,0,0,0,0,0,0,0
1,0,0,0,0,0,0,0,0,0
1,0,0,0,0,0,0,0,0,0
1,0,0,0,0,0,0,0,0,0
0,0,0,1,0,0,0,0,0,0
1,0,0,0,0,0,0,0,0,0
0,0,0,1,0,0,0,0,0,0
0,0,0,0,0,0,0,0,0,1
0,0,0,1,0,0,0,0,0,0
0,0,0,0,0,0,0,0,1,0
0,0,0,0,6,0,0,0,0,0
0,0,0,1,0,0,0,0,0,0
0,0,1,0,0,0,0,0,0,0
0,0,1,0,0,0,0,0,0,0
0,0,0,1,0,0,0,0,0,0
0,0,0,0,0,0,2,0,0,0
0,0,0,0,0,0,1,0,0,0
0,0,0,0,0,2,0,0,0,0
0,0,0,0,0,0,0,0,0,1
0,1,0,0,0,0,0,1,0,0
0,0,0,1,0,0,0,0,0,0
0,0,0,0,0,0,0,1,0,0
0,0,0,1,0,0,0,0,0,0
0,0,0,0,0,0,1,0,0,0
0,0,0,1,0,0,0,0,0,0
2,0,0,0,0,0,0,0,0,0
0,0,1,0,0,0,0,0,0,0
0,0,0,0,1,0,0,0,0,0
0,0,0,0,0,0,0,1,0,0
0,0,0,0,0,0,1,0,0,0
0,0,0,0,0,1,0,0,0,0
1,0,0,0,0,0,0,0,0,0
0,0,0,0,0,1,0,0,0,0
0,0,0,2,0,0,0,0,0,0
0,0,0,0,0,1,0,0,0,0
0,0,0,0,0,1,0,0,0,0
0,0,1,0,0,0,0,0,0,0
0,0,1,0,0,0,0,0,0,0
0,0,0,1,0,0,0,0,0,0
0,0,0,1,0,0,0,0,0,0
0,0,0,1,0,0,0,0,0,0
0,0,0,0,0,1,0,0,0,0
0,0,0,1,0,0,0,0,0,0
0,0,1,0,0,0,0,0,0,0
0,0,0,0,0,0,0,0,0,1
0,0,0,6,0,0,0,0,0,0
0,0,0,3,0,0,0,0,0,0
2,0,0,0,0,0,0,0,0,0
1,0,0,0,0,1,0,0,0,0
0,0,0,0,0,0,0,0,1,0
1,0,0,0,0,0,0,0,0,0
0,0,0,0,0,0,1,0,0,0
0,1,0,0,0,0,0,0,0,0
0,0,0,1,0,0,0,0,0,0
0,0,10,0,0,0,0,0,0,0
0,0,0,2,0,0,0,0,0,0
1,0,0,0,0,0,0,0,0,0
0,0,0,0,0,0,0,0,0,1
0,0,0,1,0,0,0,0,0,0
0,1,0,0,0,0,0,0,0,0
0,0,0,0,0,0,0,0,1,0
0,3,2,8,0,0,0,0,0,0
0,0,0,1,0,0,0,0,0,0
0,0,0,1,0,0,0,0,0,0
0,0,0,1,0,0,0,0,0,0
0,0,0,2,0,0,0,0,0,0
0,0,0,0,0,0,0,0,0,2
0,0,0,0,0,0,1,0,0,0
0,1,0,5,0,2,0,0,3,2
0,0,1,0,0,0,0,0,0,0
0,0,0,0,0,0,0,0,0,1
0,0,0,0,0,0,0,1,0,0
1,0,0,0,0,0,0,0,0,0
3,3,3,9,1,11,1,2,4,5
0,0,0,0,0,0,2,0,0,0
0,0,0,0,0,0,0,0,2,0
0,0,0,0,0,1,0,0,0,0
0,0,0,1,0,0,0,0,1,0
0,0,1,0,0,0,0,0,0,2
0,0,0,0,0,2,0,0,0,0
0,0,1,1,0,1,0,0,0,0
0,0,0,0,0,0,0,1,0,0
0,0,0,0,0,0,0,0,0,1
0,0,1,0,0,0,0,0,0,0
0,1,0,0,0,0,0,0,0,0
0,0,0,1,0,0,0,0,0,0
0,0,0,0,0,1,0,0,0,0
1,0,0,0,0,0,0,0,0,0
0,0,1,0,0,0,0,0,0,0
2,1,3,3,0,2,0,1,3,4
0,0,0,0,1,0,0,0,0,0
0,0,0,0,0,1,0,0,1,0
0,0,1,0,0,0,0,0,0,0
0,0,0,0,0,0,0,0,0,1
0,0,0,0,0,0,0,0,1,0
0,0,0,0,0,1,0,0,0,0
0,0,0,0,5,0,0,0,0,0
0,0,0,0,1,0,0,0,0,0
0,0,1,0,0,0,0,0,0,0
0,0,0,0,0,0,0,0,1,0
0,0,0,1,0,0,0,0,0,0
0,0,0,1,0,0,0,0,0,0
0,0,0,0,1,0,0,0,0,0
0,0,0,0,0,0,0,4,0,2
0,0,0,3,0,0,0,0,0,0
1,0,0,0,0,0,0,0,0,0
1,0,0,0,0,0,0,0,0,0
0,1,0,0,0,0,0,0,0,0
0,0,0,0,2,0,0,0,0,0
0,0,0,1,0,0,0,0,0,0
0,1,0,0,0,0,0,0,0,0
0,0,0,1,0,0,0,0,0,0
0,0,0,0,0,0,0,0,0,2
0,0,0,0,0,0,0,0,1,0
0,0,0,0,0,0,0,0,0,1
1,0,0,0,0,0,0,0,0,0
0,2,0,0,0,0,0,0,0,0
0,0,0,1,0,0,0,0,0,0
0,0,0,0,1,0,0,0,1,1
0,0,0,0,0,0,0,1,0,0
0,4,0,0,0,0,0,0,0,0
0,0,1,0,0,0,0,0,0,0
0,0,1,0,0,2,0,0,0,0
0,0,0,0,0,0,0,0,0,1
0,1,1,0,0,0,0,0,0,0
2,0,0,0,0,0,0,0,0,0
0,0,0,0,0,0,0,0,1,0
0,0,0,0,0,0,0,0,0,1
0,0,0,0,0,1,0,0,0,0
0,0,1,0,2,0,0,0,0,0
0,0,0,1,0,0,0,0,0,0
0,0,0,0,0,0,0,0,0,1
0,0,0,1,0,0,0,0,0,0
1,0,0,0,0,0,0,0,0,0
1,0,0,0,0,0,0,0,0,0
0,0,0,0,0,1,0,0,2,1
3,3,0,5,0,8,4,1,4,4
0,1,0,1,0,1,0,2,0,1
0,0,0,0,0,0,0,0,0,1
0,0,0,0,0,0,0,0,0,2
0,0,0,0,0,0,0,0,1,0
3,0,0,0,10,6,5,0,7,8
0,0,0,0,0,0,0,1,0,0
0,0,0,0,0,1,0,0,0,0
0,0,0,0,1,0,0,0,0,0
0,0,0,0,1,0,0,0,0,0
0,0,1,0,0,0,0,0,0,0
0,0,0,0,0,0,0,0,0,1
0,0,0,0,0,1,0,0,0,0
0,0,0,0,1,0,0,0,0,0
0,0,0,0,0,0,0,0,0,1
1,0,0,0,0,0,0,0,0,0
0,0,2,0,0,0,0,0,0,0
1,1,0,0,0,0,0,0,0,0
0,7,4,10,0,0,0,0,0,0
0,0,0,1,0,0,0,0,0,0
1,0,0,0,0,0,0,0,0,0
0,0,1,0,0,0,0,0,0,0
0,1,0,0,2,0,0,1,0,0
0,0,0,0,0,0,0,0,0,1
0,0,2,0,0,0,0,0,0,0
0,0,1,0,0,0,0,0,0,0
0,0,0,0,0,0,0,0,1,0
1,0,0,0,1,0,0,1,0,0
0,1,0,0,0,0,0,0,0,0
1,0,1,0,1,2,0,5,11,6
0,0,0,0,0,0,2,1,0,1
0,1,0,0,0,0,0,0,0,0
0,0,0,0,0,0,0,0,1,0
1,0,0,0,0,7,0,0,0,0
0,0,0,0,0,4,0,0,0,0
0,0,6,0,0,0,0,0,0,0
0,1,0,0,0,0,0,0,0,1
0,0,0,3,0,0,0,0,0,0
0,0,0,0,0,0,0,0,1,0
0,0,1,0,0,0,0,0,0,0
0,0,0,0,0,0,0,0,1,0
0,0,0,0,0,1,0,0,0,0
0,1,0,0,0,0,0,0,0,0
0,0,0,1,0,0,0,0,0,0
0,0,0,0,0,0,0,0,2,1
0,2,0,0,0,0,0,0,0,0
0,0,0,0,0,1,0,0,0,0
0,0,0,1,0,0,0,0,0,0
0,0,1,0,0,0,0,0,0,0
0,0,0,0,0,0,1,0,0,0
0,0,0,0,0,1,0,0,0,0
0,0,0,1,0,0,0,0,0,0
0,0,0,0,0,0,0,0,0,1
0,0,1,0,0,0,0,0,0,0
0,0,0,0,0,0,0,0,1,0
0,0,0,0,0,0,0,0,1,0
1,1,0,1,0,0,0,0,0,0
1,0,0,0,0,0,0,0,0,0
2,0,0,0,0,0,0,0,0,0
0,0,0,0,0,0,1,0,0,0
0,0,0,0,0,4,0,0,0,0
0,0,0,0,0,1,0,0,0,0
1,0,0,0,0,0,0,0,0,0
0,0,0,0,0,0,0,0,1,1
0,0,0,0,0,0,0,0,2,0
0,0,0,1,0,0,0,0,0,0
0,0,0,1,0,0,0,0,0,0
0,0,0,0,0,0,0,0,0,1
9,17,23,13,18,27,5,4,30,22
0,0,0,0,0,0,0,0,1,0
0,0,0,0,0,0,1,0,0,0
0,0,0,2,0,1,0,0,0,0
0,0,0,0,0,0,0,0,1,1
0,1,0,0,0,3,0,0,0,0
0,0,0,0,0,0,1,0,0,0
0,0,0,0,0,0,0,0,1,0
0,0,0,0,0,0,0,0,0,1
0,0,0,0,0,0,1,0,0,0
0,0,0,0,1,0,0,0,0,0
0,0,0,0,0,0,0,1,0,0
0,1,0,0,0,0,0,0,0,0
0,0,0,1,0,0,0,0,0,0
0,0,0,0,0,0,1,0,0,0
0,1,2,0,0,0,0,1,0,0
0,0,0,0,0,1,0,0,0,0
0,0,0,0,0,0,0,1,0,0
0,0,0,1,0,0,0,0,0,0
0,0,0,0,0,0,0,0,1,0
0,0,0,0,1,0,0,0,0,0
0,0,0,1,0,0,0,0,0,0
0,0,0,0,0,1,0,0,0,0
0,0,0,0,0,1,0,0,0,0
0,0,0,0,0,1,0,0,0,0
0,1,0,0,0,0,0,0,0,0
0,0,0,1,0,0,0,0,0,0
0,0,0,0,0,1,0,0,0,0
0,0,0,0,0,0,1,0,0,0
0,0,0,0,0,1,0,0,0,0
0,0,0,0,0,0,0,0,1,0
0,0,0,0,0,1,0,0,0,0
0,0,0,0,0,1,0,0,0,1
0,0,0,2,0,0,0,0,0,1
0,0,0,0,0,1,0,0,0,0
0,0,0,0,0,1,0,0,0,0
0,0,0,0,0,1,0,0,0,0
0,0,1,0,0,0,0,0,0,0
0,0,0,0,0,0,1,0,1,2
0,0,0,0,0,1,0,0,0,0
0,0,0,0,0,1,1,0,0,0
0,0,0,0,0,0,1,0,0,0
0,0,1,0,0,0,0,0,0,0
0,0,0,1,0,0,0,0,0,0
0,0,0,0,1,0,0,0,0,0
0,0,0,0,0,0,0,0,3,0
0,0,0,0,0,0,0,1,4,2
2,3,1,7,1,7,4,0,2,4
0,0,0,0,0,0,0,0,1,0
1,0,0,0,0,0,0,0,0,0
1,0,0,0,0,0,0,0,0,0
0,0,0,0,0,0,0,0,0,1
0,1,0,0,0,2,1,0,0,0
0,0,1,0,0,0,0,0,0,0
0,3,0,0,0,1,2,1,0,1
0,0,0,1,0,0,0,0,0,0
1,0,0,0,0,0,0,0,0,0
0,0,0,0,1,0,0,0,0,0
0,0,0,3,0,0,0,0,0,0
1,0,0,0,0,0,0,0,0,0
0,0,0,0,0,0,1,0,0,0
0,1,0,0,0,0,0,0,0,0
0,1,0,0,1,0,0,0,3,0
1,0,0,0,0,0,0,0,0,0
0,1,0,0,0,0,0,0,0,0
0,0,0,0,0,0,0,0,0,1
0,0,0,3,0,0,0,0,0,0
0,0,2,0,0,0,0,0,0,0
1,0,0,0,0,0,0,0,0,0
0,0,0,0,0,0,0,0,1,0
0,0,0,1,0,0,0,0,0,0
2,0,0,1,0,2,0,0,1,2
1,0,1,0,1,0,0,0,0,0
0,0,0,1,0,0,0,0,0,0
0,0,0,0,1,0,0,0,0,0
0,0,0,1,0,0,0,0,0,0
1,0,0,0,0,0,0,0,0,0
1,0,1,0,0,0,0,0,0,0
0,0,1,0,0,0,0,1,0,0
0,0,0,0,0,0,0,1,1,1
1,0,0,0,0,0,0,0,0,0
1,0,0,0,0,0,0,0,0,0
0,0,0,0,1,0,0,0,0,0
0,0,0,1,0,0,0,0,0,0
0,0,0,1,0,0,0,0,0,0
0,0,1,0,0,0,0,0,0,0
0,0,0,0,0,0,0,0,0,1
0,0,0,0,0,0,1,0,0,0
0,0,0,0,0,0,0,0,0,1
1,0,0,0,0,0,0,0,0,0
0,0,0,0,0,0,0,0,1,0
0,0,0,0,0,1,0,0,0,0
0,0,0,0,0,1,0,0,0,0
0,0,0,0,0,0,0,0,0,1
0,0,1,0,0,0,1,0,0,1
0,0,0,2,0,0,0,0,0,0
0,0,0,1,0,0,0,0,0,0
0,0,0,1,0,0,0,0,0,0
0,0,1,0,0,0,0,0,0,0
0,0,0,0,0,2,0,0,0,0
0,0,0,0,0,0,0,0,1,0
0,0,0,0,1,0,0,0,0,0
0,0,0,0,0,1,0,0,0,0
0,0,0,0,0,1,0,0,0,0
0,0,0,0,0,1,0,0,0,0
0,0,1,0,0,0,0,0,0,0
0,0,0,0,1,0,1,0,0,0
2,0,1,0,0,1,0,0,0,1
0,0,0,0,1,0,0,0,0,0
1,0,0,0,0,0,0,0,0,0
0,0,0,1,0,0,0,0,0,0
0,0,0,1,0,0,0,0,0,0
0,0,0,0,0,0,0,0,0,3
0,0,0,0,0,0,0,0,0,1
0,0,0,0,0,0,0,0,1,0
0,0,0,0,0,0,0,0,6,1
1,0,0,0,0,0,0,0,0,0
1,0,0,0,0,0,0,0,0,0
0,0,1,0,0,0,0,0,0,0
0,0,0,0,0,1,0,0,0,0
0,0,0,0,5,0,0,0,0,0
0,0,0,0,0,0,0,0,0,1
1,0,0,0,0,0,0,0,0,2
1,0,0,0,0,0,0,0,0,0
0,1,0,0,0,0,0,0,0,0
0,0,0,0,0,0,0,0,1,0
0,0,0,0,0,0,0,0,1,0
1,0,0,0,0,0,0,0,0,0
0,0,0,0,0,0,0,0,1,0
0,0,0,0,0,0,0,0,1,0
0,0,0,0,0,0,1,0,0,0
0,0,0,0,0,0,0,0,0,1
0,0,0,0,0,0,0,0,1,0
0,2,0,2,0,1,0,0,0,0
0,0,0,0,0,0,0,1,0,0
0,0,0,1,0,0,0,0,0,0
0,0,0,1,0,0,0,0,1,0
0,2,0,0,0,0,0,0,0,0
0,0,0,0,0,1,0,0,0,0
0,0,0,0,0,1,0,0,0,0
0,1,0,0,0,0,0,0,0,0
4,0,0,0,0,2,0,0,0,0
0,0,1,0,0,0,0,0,0,0
0,0,0,1,0,0,0,0,0,0
1,0,0,0,0,0,0,0,0,0
1,0,0,0,0,0,0,0,0,0
0,0,0,0,0,0,0,0,0,1
0,0,0,1,0,0,0,0,0,0
0,0,0,1,0,0,0,0,0,0
0,0,0,0,2,0,0,0,0,0
0,0,0,0,2,0,0,0,0,0
0,0,0,0,0,0,0,0,1,0
0,0,0,2,0,0,0,0,0,0
0,0,0,0,0,0,0,2,0,0
0,0,0,0,0,0,0,0,0,1
1,0,0,0,0,0,0,0,0,0
1,0,0,0,0,0,0,0,0,0
0,0,0,0,0,0,1,0,0,0
0,2,1,2,0,0,0,0,1,0
1,0,0,0,0,0,0,0,0,0
0,2,1,0,0,0,0,1,0,0
0,1,0,0,0,0,0,0,0,0
0,0,0,1,0,0,0,0,0,0
1,0,0,1,0,0,0,0,0,0
0,0,0,0,1,0,0,0,1,0
0,0,0,1,0,0,0,0,0,0
0,0,0,1,0,0,0,0,0,0
0,0,0,1,0,0,0,0,0,0
0,0,0,1,0,0,0,0,0,0
0,0,0,1,0,0,0,0,0,0
2,0,0,0,0,0,0,0,0,0
1,0,0,0,0,0,0,0,0,0
0,0,1,0,0,0,0,0,0,0
1,0,0,0,0,2,0,0,0,0
1,0,0,0,0,0,0,0,0,0
0,0,0,0,0,0,0,0,1,0
0,0,0,0,0,1,0,0,0,0
0,0,0,1,0,0,0,0,0,0
0,0,0,1,0,0,0,0,0,0
0,0,0,0,0,0,0,0,1,1
0,0,0,0,0,0,0,0,0,1
0,0,0,1,0,0,0,0,0,0
0,1,0,0,0,0,0,0,0,0
0,0,0,0,0,2,0,0,0,0
0,0,0,2,0,0,0,0,0,0
0,0,0,0,0,1,0,0,0,0
1,0,0,0,0,0,0,0,0,0
0,0,0,0,0,0,0,0,1,0
0,0,0,1,0,0,0,0,0,0
0,0,0,0,0,4,0,0,0,0
0,0,0,0,0,0,0,0,0,1
0,0,1,1,0,0,0,0,0,0
0,0,0,2,0,0,0,0,0,0
0,0,2,0,0,0,1,0,0,0
0,0,0,0,0,0,1,0,0,0
0,0,0,0,0,0,0,0,0,1
0,0,0,1,0,0,0,0,0,0
0,0,0,0,0,1,0,0,0,1
0,0,0,1,0,0,0,0,0,0
1,0,0,0,0,0,0,0,0,0
1,0,0,0,0,0,0,0,0,0
0,0,0,0,1,0,0,0,0,0
0,0,0,0,0,0,0,0,4,1
0,2,0,0,0,0,0,0,0,0
0,0,1,0,0,0,0,0,0,0
0,0,0,1,0,0,0,0,0,0
0,0,0,4,0,0,0,0,0,0
0,0,0,1,0,0,0,0,0,0
0,0,0,0,1,0,0,0,0,0
0,0,0,1,0,0,0,0,0,0
0,0,1,0,0,0,0,0,0,0
0,0,0,1,0,0,0,0,0,0
0,0,0,0,0,2,0,0,0,0
0,0,0,0,0,0,0,0,1,0
0,0,0,0,0,1,0,0,0,0
0,0,0,0,0,1,0,0,0,0
1,0,0,0,0,0,0,0,0,0
0,1,0,0,0,1,0,0,0,0
0,0,0,0,0,1,0,0,0,0
0,0,0,0,0,1,0,0,0,0
0,0,0,0,0,1,0,0,0,0
1,0,0,0,0,0,0,0,0,0
0,0,0,0,0,0,0,1,1,1
1,0,0,0,0,0,0,0,0,0
1,0,0,0,0,0,0,0,0,0
0,1,0,1,0,0,0,0,0,1
0,0,0,1,0,0,0,0,0,0
0,1,0,0,0,0,0,0,0,0
0,1,1,0,0,1,0,1,0,1
0,0,1,0,0,0,0,0,0,0
0,0,0,1,0,0,0,0,0,0
0,0,0,0,0,1,0,0,0,0
0,0,2,0,0,0,0,0,0,0
0,0,0,1,0,0,0,0,0,0
0,0,0,1,0,0,0,0,0,0
0,1,0,0,0,0,0,0,0,0
0,0,0,0,0,0,0,0,0,1
2,4,0,9,0,21,0,0,0,0
0,1,0,0,0,4,0,0,0,0
0,1,0,0,0,0,0,0,0,0
1,0,0,0,0,0,0,0,0,0
0,0,0,0,0,1,0,0,0,0
1,0,0,0,0,0,0,0,0,0
2,2,0,1,0,0,0,0,0,0
0,1,0,0,0,0,0,0,0,0
0,0,0,0,0,0,1,0,0,0
0,0,0,0,0,0,0,1,1,0
0,0,0,0,0,1,0,1,2,2
0,0,0,0,0,0,0,0,0,1
0,0,0,0,0,0,0,0,1,0
0,0,0,0,0,0,0,0,0,1
0,0,0,0,0,1,0,0,0,0
0,0,0,0,0,7,0,0,0,0
0,0,0,0,0,0,0,2,0,0
0,0,0,0,0,0,1,0,0,0
0,1,0,0,0,0,0,0,0,0
0,0,0,1,0,0,0,0,0,0
0,0,0,2,0,4,0,0,1,1
0,0,1,0,0,0,0,0,0,0
0,0,1,0,0,0,0,0,0,0
0,0,0,1,0,0,0,0,0,0
0,0,0,1,0,0,0,0,0,0
1,0,0,0,0,0,0,0,0,0
0,1,0,0,0,0,0,0,1,0
0,0,0,0,0,0,1,1,0,1
0,0,0,0,0,0,0,0,1,0
0,0,0,1,0,0,0,0,0,0
0,1,0,0,0,0,0,0,1,0
0,1,0,0,0,0,0,0,0,0
0,0,0,0,0,0,0,0,2,0
0,0,0,0,0,0,0,0,1,0
0,0,0,0,2,0,1,0,1,0
0,0,0,0,0,1,0,0,0,0
0,0,0,1,0,0,0,0,0,0
0,0,0,0,0,0,1,0,0,0
0,0,0,0,0,0,0,0,2,0
0,0,1,1,0,0,0,0,0,0
0,2,0,0,0,2,0,0,0,0
0,0,0,0,0,0,0,0,0,1
0,0,0,0,0,0,0,0,9,0
0,0,0,0,0,0,0,0,1,0
0,0,0,0,0,1,0,0,0,0
0,0,0,1,0,0,0,0,0,0
0,0,1,0,0,0,0,0,0,0
0,0,0,0,0,0,0,0,0,1
0,0,0,0,0,0,0,0,0,1
9,13,8,9,5,23,13,11,18,14
0,0,0,0,0,0,0,0,2,2
0,1,1,0,0,0,0,0,0,0
0,0,0,0,0,1,1,0,1,1
0,0,0,0,0,0,0,0,0,1
10,4,2,5,1,7,1,0,2,3
1,0,0,0,0,0,0,0,0,0
0,0,0,4,2,1,1,0,0,2
0,0,0,0,0,4,0,0,0,0
1,0,0,1,0,0,0,0,0,0
0,0,0,0,0,0,0,0,0,1
0,0,0,0,0,2,0,0,0,0
0,0,0,0,0,1,0,0,0,0
0,0,0,0,0,0,0,0,1,0
0,0,0,0,0,0,0,0,1,0
0,0,0,0,0,0,0,1,0,0
0,0,0,0,0,0,1,0,0,1
0,0,0,0,0,0,2,0,0,0
0,0,0,0,0,0,1,0,0,0
0,0,0,0,1,0,0,0,0,0
0,0,0,0,0,1,0,0,1,0
1,0,0,0,0,0,0,0,0,0
0,0,0,0,0,1,0,0,0,0
0,0,2,0,0,0,0,0,0,0
0,0,0,0,0,0,0,0,3,0
0,0,1,0,0,0,0,0,0,0
0,0,2,0,0,0,0,0,0,0
0,0,6,0,0,0,0,0,0,0
0,0,1,0,0,0,0,1,0,0
0,0,0,0,1,0,0,0,0,0
0,0,0,0,0,0,0,0,1,0
0,0,0,1,0,1,1,0,0,0
0,0,0,0,0,0,0,0,1,0
1,1,0,2,0,0,0,0,1,1
0,0,0,0,0,0,0,1,0,0
0,0,0,0,0,0,1,0,0,0
0,0,0,0,0,1,0,0,0,0
0,0,0,0,0,1,0,0,0,0
1,0,0,0,1,0,0,0,0,0
0,0,0,1,0,0,0,0,0,0
1,1,0,1,0,0,0,0,1,0
0,0,0,0,1,0,0,0,0,0
0,0,0,0,0,0,2,0,0,0
0,0,1,0,0,0,0,0,0,0
0,0,0,0,0,0,1,0,0,0
0,0,0,0,0,0,1,0,0,0
0,0,0,0,0,0,1,0,0,0
1,1,0,0,0,0,0,0,0,0
0,0,0,0,0,0,0,0,0,1
0,1,0,0,0,0,0,0,0,0
0,1,0,0,0,0,0,0,0,0
0,0,0,0,0,1,0,0,0,0
0,0,0,0,0,0,0,0,3,1
1,0,0,0,0,0,0,0,0,0
0,0,0,1,0,0,0,0,0,0
0,1,0,0,0,0,0,0,0,0
0,0,0,0,0,0,0,0,1,0
0,0,0,0,0,0,0,0,0,1
0,0,1,0,0,0,0,0,0,0
2,0,0,0,0,0,0,0,0,0
1,0,0,0,0,0,0,0,0,0
0,0,0,0,0,0,0,0,1,0
0,0,0,0,0,0,0,1,0,0
1,0,0,0,0,0,0,0,0,0
0,0,0,0,0,0,0,0,0,1
0,0,0,0,0,1,0,0,0,0
0,0,0,0,0,0,0,1,0,0
0,0,0,0,0,2,0,1,0,0
1,0,0,0,0,0,0,0,0,0
0,0,0,0,0,1,0,0,0,0
0,0,0,0,0,1,0,0,0,0
0,0,0,0,0,1,0,0,0,0
0,0,0,0,0,1,0,0,0,0
0,2,0,0,0,0,0,0,0,0
0,0,0,0,0,1,0,0,0,0
0,1,0,0,0,1,0,0,0,0
0,0,0,0,0,0,0,2,0,0
0,0,0,0,0,0,0,1,0,0
0,0,0,0,1,0,0,0,0,0
0,0,1,0,0,0,0,0,0,0
0,0,0,0,0,4,0,0,0,0
0,0,0,0,0,0,3,0,0,0
0,0,0,1,0,0,0,0,0,0
0,0,0,1,0,0,0,0,0,0
0,0,0,0,0,1,0,0,0,0
0,0,0,0,0,1,0,0,0,0
0,0,0,0,1,0,0,0,0,0
0,0,0,0,0,1,0,0,0,0
3,1,0,0,0,0,0,0,0,0
0,0,0,0,0,0,1,0,0,0
1,0,0,0,0,0,0,0,0,0
1,0,0,0,0,0,0,0,0,0
0,0,0,0,0,0,0,0,0,1
0,0,0,0,0,0,0,1,1,1
0,0,0,0,0,0,0,0,2,0
0,0,0,0,0,0,1,0,0,1
0,0,0,0,0,0,0,0,0,1
0,0,0,0,0,0,0,2,0,0
0,0,0,0,0,0,0,1,0,0
0,0,0,0,0,0,0,1,0,0
1,0,0,3,0,0,0,0,0,0
1,0,0,0,0,0,0,0,0,0
0,0,0,0,0,0,0,0,0,2
0,0,1,0,0,0,0,0,0,0
0,0,0,0,0,1,0,0,0,0
0,0,0,0,0,1,0,0,0,0
0,0,0,0,1,0,0,0,0,0
0,0,0,0,1,0,0,0,0,0
0,0,0,0,0,0,0,0,0,1
0,0,0,1,0,0,0,0,0,0
0,0,0,0,0,1,0,0,0,0
0,0,1,0,0,0,0,0,0,0
0,0,0,0,0,1,0,0,0,0
0,1,0,0,0,0,0,0,0,0
0,0,0,0,0,1,0,0,0,0
0,0,0,1,0,0,0,0,0,0
0,0,0,0,0,0,0,0,0,1
0,0,1,0,0,0,0,0,0,0
0,0,0,0,0,3,0,0,0,0
0,0,0,0,0,0,0,0,0,1
0,0,0,0,0,0,0,1,0,1
0,0,0,0,0,0,0,3,4,6
0,0,0,0,0,0,0,0,2,3
0,0,0,0,0,0,0,0,0,1
0,0,0,0,0,1,0,0,0,0
1,0,0,0,0,0,0,0,0,0
0,0,0,0,0,0,0,0,1,0
0,0,0,0,0,0,0,0,2,0
0,0,0,0,0,0,1,0,0,0
0,0,0,0,0,0,0,0,1,0
0,0,0,0,0,0,0,0,1,0
0,0,0,0,0,4,0,0,0,0
0,1,0,0,0,2,0,0,0,0
0,0,1,0,0,0,0,0,0,0
0,0,0,0,0,0,1,0,0,0
0,0,0,0,0,1,0,0,0,0
0,0,1,0,0,0,0,0,0,0
0,0,0,0,0,0,0,0,0,1
0,0,0,0,0,0,0,0,0,1
0,0,0,0,0,0,0,0,0,1
0,0,0,3,0,1,0,0,0,0
1,0,0,0,0,0,0,0,0,0
0,0,0,0,0,0,0,0,1,1
0,0,1,0,0,0,0,0,0,0
0,0,0,0,0,0,0,0,0,1
0,0,0,0,0,1,0,0,0,0
0,0,0,0,0,0,1,0,0,0
0,0,0,0,0,0,0,0,1,0
0,0,0,0,1,0,0,0,0,0
0,0,0,0,0,0,0,0,2,0
0,0,0,0,0,0,0,0,0,1
0,0,1,0,0,1,0,1,0,3
0,0,1,0,0,0,0,0,0,0
0,0,0,0,0,2,0,0,0,0
0,1,0,0,0,0,0,0,0,0
0,0,0,1,0,0,0,0,0,0
0,0,0,0,1,0,0,0,0,1
0,0,0,1,0,0,0,0,0,0
0,0,0,1,0,0,0,0,0,0
0,0,0,1,0,0,0,0,0,0
0,0,0,0,1,0,0,0,0,0
0,0,0,0,0,1,0,0,0,0
0,0,0,1,0,0,0,0,0,0
0,0,0,0,0,0,0,1,0,0
0,0,1,0,0,0,0,0,0,0
0,0,0,0,0,0,0,0,0,1
0,0,0,0,0,2,0,0,0,0
0,0,0,0,0,0,0,0,1,0
0,0,0,0,0,0,0,0,0,2
0,0,0,0,1,0,0,0,0,0
0,0,0,0,0,0,0,1,0,0
0,0,0,0,0,0,0,0,0,1
1,0,0,0,0,0,0,0,0,0
0,4,0,0,0,0,0,0,0,1
0,0,0,0,0,0,0,1,0,0
0,0,0,0,0,0,0,1,0,0
0,0,0,0,0,0,0,1,0,0
0,0,0,0,0,0,0,4,0,2
0,2,0,0,0,0,0,0,0,0
0,1,0,0,0,0,0,0,0,0
0,1,0,0,0,0,0,0,0,0
1,0,0,0,0,0,0,0,0,0
0,0,0,0,0,2,0,0,0,0
0,0,1,0,0,0,0,0,0,0
0,0,0,1,0,0,0,0,0,0
0,0,0,0,0,0,0,0,1,0
0,0,0,1,0,0,0,0,0,0
0,0,0,0,0,0,0,0,1,0
0,3,0,0,0,0,0,0,1,2
0,1,0,0,0,0,0,0,0,1
0,0,0,0,0,0,0,0,0,1
1,0,0,1,0,0,0,0,0,0
0,0,0,0,0,0,0,0,1,2
0,1,0,0,0,0,0,0,0,0
0,2,0,0,0,0,0,2,0,0
0,1,0,0,0,0,0,0,0,1
0,0,0,0,0,2,0,0,0,0
0,0,0,0,0,4,0,0,0,0
0,2,0,0,0,0,0,0,0,0
0,0,0,0,0,0,0,0,1,0
0,0,0,1,0,0,0,0,0,0
1,0,0,0,0,0,0,0,0,0
0,0,0,0,0,0,0,0,1,0
0,0,0,0,0,0,0,0,0,2
0,0,0,0,0,0,0,0,1,1
0,0,0,0,0,0,1,0,1,1
0,0,0,0,0,0,0,0,1,1
0,0,0,0,0,0,0,1,0,0
0,0,0,1,0,0,0,0,0,0
0,0,0,1,0,0,0,0,0,0
0,0,0,0,0,0,0,0,1,0
0,0,0,0,0,2,0,0,1,0
0,0,0,0,0,0,1,0,0,0
0,0,0,0,0,0,0,0,1,0
0,0,0,0,0,0,0,0,0,1
0,3,0,0,0,0,0,0,0,0
0,0,0,0,0,0,0,0,2,1
1,0,0,0,0,0,0,0,0,0
0,1,0,0,0,0,0,0,0,0
0,0,1,0,0,0,0,0,0,0
0,0,0,0,0,0,0,0,1,0
0,0,0,0,0,0,0,0,1,0
0,0,0,0,0,0,1,0,0,0
0,0,1,0,0,0,0,0,0,0
0,0,0,0,0,0,0,0,2,1
0,0,1,0,0,0,0,0,0,0
0,0,0,0,0,0,0,0,1,0
0,0,0,0,0,0,0,0,2,0
0,0,0,0,0,0,0,0,1,0
0,0,0,0,0,0,1,0,0,0
0,0,0,0,0,1,0,0,0,0
0,0,1,0,0,0,0,1,0,0
0,0,0,0,0,0,0,0,3,1
1,0,0,0,0,0,0,0,0,0
0,0,0,0,0,0,0,0,1,0
0,0,0,0,0,1,0,0,0,0
0,0,0,0,0,0,0,0,0,1
0,0,0,0,0,0,0,0,1,0
0,0,0,1,0,0,0,0,0,0
0,0,0,1,0,0,0,0,0,0
1,0,0,0,0,0,0,0,0,0
0,0,0,0,0,0,0,0,0,1
1,0,0,0,0,0,0,0,0,0
0,0,0,0,0,0,0,0,1,0
1,1,0,0,0,0,0,0,0,0
1,0,0,0,0,0,0,0,0,0
0,0,0,0,0,0,0,0,1,0
0,0,1,0,0,0,0,0,0,0
1,0,0,0,0,0,0,0,0,0
0,1,2,0,0,0,0,0,0,0
0,0,1,0,0,0,0,0,0,0
0,2,0,0,0,0,0,0,0,0
0,0,0,0,0,0,0,0,1,0
0,0,1,0,0,0,0,0,0,0
0,0,0,0,1,0,0,0,0,0
0,0,0,0,1,0,0,0,0,0
0,0,0,0,1,0,0,0,0,0
0,0,0,2,0,0,0,0,0,0
0,0,0,0,0,0,0,0,1,0
0,0,0,0,0,0,0,0,1,0
0,0,0,1,0,0,0,0,0,0
0,0,0,0,0,0,0,1,0,0
0,0,1,0,0,0,0,0,0,0
0,1,0,0,0,0,0,0,0,0
0,0,0,0,0,0,0,0,0,1
0,0,0,0,0,0,0,0,1,0
0,0,0,2,0,0,0,0,0,0
0,0,1,0,0,0,0,0,0,0
0,0,0,0,0,0,0,0,0,1
0,0,0,0,0,1,0,0,0,0
0,1,0,0,0,0,0,0,0,0
0,0,0,0,0,1,0,0,0,0
0,0,0,0,0,0,0,0,0,1
0,0,1,0,2,0,0,0,3,1
0,0,0,0,0,7,0,0,0,0
0,0,2,0,0,0,0,0,0,0
0,0,9,0,0,0,0,0,0,0
0,0,1,0,0,0,0,0,0,0
0,0,2,0,0,0,0,0,0,0
0,0,0,0,0,2,0,0,0,0
0,0,0,0,1,0,0,0,0,0
0,0,0,1,0,0,0,0,0,0
0,0,0,1,0,0,0,0,0,0
0,0,2,0,0,0,0,0,0,0
0,0,0,0,0,0,0,0,1,0
0,0,0,0,0,0,0,0,2,1
0,0,0,0,0,0,0,0,0,3
0,0,0,0,0,1,0,0,0,0
1,0,0,0,0,0,0,0,0,0
0,0,0,1,0,0,0,0,0,0
0,1,0,1,0,0,0,0,0,0
0,0,0,0,0,0,0,0,3,0
0,0,0,0,0,0,0,0,0,1
0,0,2,0,0,0,1,0,0,0
0,0,0,0,0,0,0,0,0,1
0,0,0,0,0,0,0,1,0,2
0,0,0,0,0,1,0,0,0,0
0,0,0,0,0,1,0,0,0,0
0,0,1,0,0,0,0,0,0,0
0,0,0,0,0,0,0,0,2,1
0,0,0,2,0,0,0,0,0,0
0,0,0,0,0,1,0,0,0,0
0,0,0,1,0,0,0,0,0,0
0,3,5,12,0,0,0,0,0,0
0,0,0,1,0,0,0,0,0,0
0,0,0,0,0,0,0,0,1,0
0,1,0,0,0,0,0,0,0,0
0,0,0,0,0,1,0,0,0,0
1,0,0,0,0,0,0,0,0,0
0,0,0,0,0,0,0,0,0,1
0,0,0,0,0,0,1,0,0,0
0,0,0,0,0,0,0,1,0,0
0,0,0,1,0,0,0,0,0,0
0,0,0,0,0,0,1,0,0,0
1,0,0,0,0,0,0,0,0,0
0,0,0,0,1,0,0,0,0,0
0,0,0,0,0,0,0,0,3,1
0,0,0,0,0,2,0,0,0,0
0,1,0,0,0,0,0,0,0,2
0,2,0,1,0,0,0,0,0,0
0,1,0,1,0,0,0,0,0,0
0,0,0,0,1,0,0,0,0,0
0,1,0,0,0,0,0,0,0,0
0,0,0,0,1,0,0,0,0,0
0,0,0,0,0,1,0,0,0,0
0,0,0,0,0,1,0,0,0,0
0,0,0,0,0,0,0,0,0,2
0,0,0,0,0,1,0,0,0,0
0,1,0,0,0,0,0,0,0,0
0,0,0,0,0,1,0,0,0,0
1,0,0,0,0,0,0,0,0,0
0,0,1,0,0,0,0,0,0,0
0,0,0,0,0,0,0,0,0,2
0,2,0,0,0,0,0,0,0,0
1,1,0,0,0,1,0,0,0,0
0,1,0,0,0,0,0,0,0,0
0,0,0,0,0,0,0,0,1,0
0,1,0,0,0,0,0,0,0,0
0,0,0,0,0,3,0,0,0,0
0,0,0,0,0,1,0,0,0,0
0,0,0,0,0,1,0,0,0,0
1,0,0,0,0,0,0,0,0,0
0,1,0,0,0,0,0,0,0,0
0,0,0,0,0,0,0,0,0,1
0,0,0,0,0,1,0,0,0,0
0,0,1,0,0,0,0,0,0,0
1,0,0,0,0,1,0,0,0,0
0,0,0,0,0,1,0,0,0,1
0,0,0,0,0,0,0,0,1,0
0,1,0,0,0,0,0,0,0,0
0,0,0,1,0,0,0,0,0,0
0,0,0,1,0,0,0,0,0,0
0,0,1,0,0,0,0,0,0,0
0,0,1,0,0,0,0,0,0,0
0,0,0,0,0,1,0,0,0,0
0,0,0,0,1,0,0,0,0,0
0,0,0,1,0,0,0,0,0,0
1,0,0,0,0,0,0,0,0,0
0,0,1,0,0,0,0,0,0,0
0,0,0,1,0,0,0,0,0,0
0,1,0,0,0,0,0,0,0,0
0,0,0,2,0,0,0,0,0,0
0,0,0,0,1,0,0,0,1,0
0,1,0,0,0,0,0,0,0,0
0,0,0,0,1,0,0,1,1,0
0,0,0,0,0,1,0,0,0,0
0,1,0,2,0,0,0,1,3,2
0,1,0,0,0,0,0,0,0,0
0,1,0,0,0,0,0,0,0,0
0,0,0,0,0,0,1,0,0,0
0,0,0,0,0,0,0,1,0,0
0,0,0,0,0,0,0,1,0,0
1,0,0,0,0,0,0,0,0,0
1,0,0,0,0,0,0,0,0,0
1,0,0,0,0,0,0,0,0,0
0,0,0,0,0,0,0,0,1,0
1,0,0,0,0,0,0,0,0,0
0,2,0,0,0,0,0,0,0,0
0,0,0,0,0,0,1,0,0,0
0,0,0,1,0,0,0,0,0,0
1,0,0,0,0,0,0,0,0,0
0,0,0,0,0,1,0,0,0,0
0,0,0,0,0,0,0,0,1,0
0,0,0,0,0,0,0,0,1,0
0,0,0,0,1,0,0,0,0,0
0,0,0,0,0,0,1,0,0,0
0,1,0,0,0,0,0,0,0,0
0,0,0,0,0,1,0,0,0,0
0,1,1,1,0,2,0,0,0,0
0,0,0,2,0,0,0,0,0,0
1,0,0,1,0,0,0,0,0,0
0,0,0,0,0,1,0,0,0,0
0,1,0,0,0,0,0,0,0,0
0,0,0,0,0,0,0,0,0,1
0,1,0,0,0,0,0,0,0,0
0,1,0,0,0,0,0,0,0,0
0,0,0,0,0,0,0,0,0,1
0,0,0,0,0,0,0,1,0,0
0,0,0,0,0,0,0,0,1,0
0,0,0,0,0,0,1,0,0,0
0,0,0,1,0,0,0,0,0,0
1,0,0,0,0,0,0,0,0,0
0,0,0,1,0,0,0,0,0,0
0,0,1,0,0,0,0,0,0,0
0,0,0,0,0,0,1,0,0,0
0,0,0,0,0,0,0,0,1,0
0,0,0,0,0,1,0,0,0,0
0,0,0,0,0,0,0,0,0,1
0,0,0,0,0,0,0,0,0,1
0,0,0,0,0,1,0,0,0,0
0,0,0,7,0,0,0,0,0,0
1,0,0,0,0,0,0,0,0,0
0,0,0,0,0,0,0,0,1,0
0,0,0,0,0,1,0,0,0,0
0,0,0,0,0,0,0,0,0,1
0,0,0,1,0,0,0,0,0,0
0,0,0,0,1,0,0,0,0,0
0,0,0,1,0,0,0,0,0,0
0,0,0,1,0,0,0,0,0,0
0,0,0,0,0,2,0,0,1,0
0,0,0,0,0,0,0,0,1,1
0,0,0,0,0,0,0,0,1,0
1,0,0,0,0,0,0,0,0,0
0,0,0,0,0,1,0,0,0,0
0,0,0,0,1,0,0,0,0,1
0,0,0,0,1,0,0,0,0,0
0,0,1,0,0,0,0,0,0,0
0,0,0,0,0,0,0,0,1,0
0,0,0,0,1,2,0,0,0,0
0,0,0,0,0,0,0,0,0,1
0,0,0,0,0,0,0,0,3,1
0,0,0,0,0,0,0,0,1,0
0,0,0,0,0,0,0,0,0,1
0,0,0,0,0,0,0,0,0,1
0,0,1,0,0,0,0,0,0,4
0,0,0,0,0,0,1,0,0,0
0,0,0,0,0,5,0,0,0,0
0,0,0,0,0,1,0,0,0,0
0,1,0,1,0,0,0,1,0,1
0,1,0,4,1,6,5,0,1,0
25,26,25,32,18,35,19,13,40,39
1,0,0,0,1,1,0,0,0,0
1,0,0,1,1,0,0,0,1,1
0,0,0,0,0,1,0,0,0,0
0,0,0,0,0,1,1,0,0,0
0,0,0,0,0,0,0,0,0,1
0,0,0,0,0,1,0,1,0,0
0,0,0,1,0,0,0,0,0,0
0,0,0,0,0,0,1,0,0,0
0,1,0,0,0,0,0,0,0,0
0,0,2,1,0,0,1,0,0,1
0,0,0,0,1,0,0,0,0,0
0,0,0,0,1,0,1,0,0,0
0,0,0,0,1,2,0,0,1,0
0,0,0,0,0,0,1,0,0,0
0,0,0,0,0,0,1,0,0,0
0,0,0,0,0,1,0,0,0,0
1,5,1,0,0,1,0,2,0,0
0,0,1,0,0,0,0,0,0,0
1,0,0,0,0,0,0,0,0,0
0,0,0,0,0,0,0,0,0,1
3,5,9,8,2,12,1,1,14,11
0,0,0,1,0,0,0,0,0,0
0,0,0,0,0,0,1,0,0,0
0,0,1,0,0,0,0,0,0,0
0,0,2,0,0,0,0,0,0,0
1,0,0,0,0,0,0,0,0,0
0,0,0,1,0,0,0,0,0,0
1,0,0,0,0,0,0,0,0,0
0,1,1,0,1,0,0,0,0,0
0,0,0,0,0,0,1,0,0,0
0,0,0,0,0,0,0,0,0,1
0,0,0,0,0,0,0,0,1,0
0,0,0,3,0,0,0,0,0,0
2,0,0,0,0,0,0,0,0,0
0,0,1,0,0,0,0,0,0,0
0,0,1,0,0,0,0,0,0,0
0,0,0,0,0,0,0,0,1,0
0,0,0,0,0,1,0,0,0,0
1,0,0,0,0,0,0,0,0,0
0,1,0,0,0,0,0,0,0,0
0,0,0,0,0,0,0,0,1,0
0,0,0,1,0,1,0,0,0,0
0,0,1,0,0,0,0,0,0,0
1,0,0,0,0,0,0,0,0,0
0,0,0,0,0,0,1,0,0,0
0,0,0,1,0,0,0,0,0,0
0,0,0,0,0,1,0,0,0,0
0,1,1,0,0,0,0,1,1,0
0,1,0,0,0,0,0,0,0,0
0,0,0,0,0,0,1,0,0,0
0,0,0,0,0,1,0,0,0,0
0,0,0,0,0,0,0,0,1,0
0,0,0,0,1,0,0,0,0,0
0,0,0,0,0,0,1,0,1,0
0,0,0,0,0,0,1,0,0,0
0,1,0,0,0,0,0,1,3,3
0,0,0,0,0,1,0,0,0,0
0,0,0,1,1,0,1,0,2,1
0,1,0,0,0,0,0,0,0,0
0,0,0,0,0,0,0,0,0,1
0,0,0,0,0,0,0,0,1,1
0,0,0,0,0,0,0,1,0,0
0,0,0,0,1,0,0,0,0,0
1,0,0,0,0,0,0,0,0,0
0,0,0,1,0,0,0,0,0,0
0,1,0,0,0,0,0,0,0,0
0,0,0,0,0,0,0,0,1,0
0,0,0,0,0,1,0,1,6,0
0,0,1,0,0,0,0,0,0,0
0,0,0,0,0,0,0,1,0,0
0,0,0,1,0,1,0,0,0,0
1,0,0,0,0,0,0,0,0,0
1,0,0,0,0,0,0,0,0,0
1,0,0,0,0,0,0,0,0,0
0,2,0,0,0,0,0,0,0,0
0,1,0,0,0,0,0,0,0,0
1,0,0,0,0,0,0,0,0,0
0,0,0,0,1,0,0,0,1,0
0,0,0,4,0,0,0,0,0,0
0,0,0,3,0,0,0,0,0,0
0,0,0,0,0,0,0,0,0,1
1,0,0,0,0,0,0,0,0,0
0,0,0,1,0,0,0,0,0,0
0,0,0,1,0,0,0,0,0,0
0,0,0,0,0,0,0,0,0,1
0,0,0,2,0,0,0,0,0,0
0,0,0,1,0,0,0,0,0,0
0,2,0,0,0,1,0,0,0,0
0,0,0,0,0,1,0,0,0,0
0,0,0,0,0,0,1,0,0,0
0,0,0,0,0,0,0,1,0,0
0,0,0,0,0,0,0,0,0,1
0,0,0,0,0,0,1,0,0,0
1,0,0,0,0,0,0,0,0,0
0,0,0,0,0,0,0,4,0,1
0,0,0,0,0,0,1,0,0,0
0,0,0,2,0,0,0,0,0,0
0,0,0,0,0,0,0,0,0,1
0,0,0,0,0,0,0,0,0,1
0,0,0,0,0,0,0,0,1,0
1,0,0,0,0,0,0,0,0,0
0,0,0,0,0,0,0,1,1,5
0,0,1,0,0,0,0,0,0,0
1,0,6,2,5,3,3,1,5,5
0,0,0,0,2,0,0,0,0,0
1,0,0,0,0,0,0,0,0,0
1,0,0,0,0,0,0,0,0,0
0,0,0,0,0,2,0,0,0,0
0,0,0,0,0,1,0,0,0,0
0,0,0,1,0,1,0,0,0,0
0,0,0,0,0,1,0,0,0,0
0,0,0,1,0,1,0,0,0,0
0,0,0,1,0,2,0,0,0,0
0,0,1,0,0,0,0,0,0,0
0,0,0,0,0,1,0,0,0,0
0,1,0,0,0,0,0,0,0,0
0,1,0,0,0,0,0,0,0,0
0,0,0,0,0,0,0,0,0,1
1,0,0,0,0,0,1,0,0,1
0,1,0,0,1,0,0,0,0,0
0,0,0,1,0,1,0,2,0,0
0,0,0,1,0,0,0,0,0,0
0,0,0,1,0,0,0,0,0,0
0,0,0,1,0,0,0,0,0,0
0,1,0,0,0,0,0,0,0,0
1,0,0,0,0,0,0,0,0,0
0,0,0,0,0,1,0,0,0,0
0,0,0,0,0,0,0,0,1,0
0,0,0,0,0,0,0,0,1,0
1,0,2,3,0,2,0,0,1,1
0,0,0,0,3,0,0,0,1,1
0,0,1,1,0,0,0,0,0,1
0,0,0,1,0,0,0,0,0,0
0,0,0,2,0,0,0,0,0,0
0,0,0,0,0,0,1,1,0,0
0,1,0,0,0,0,0,0,0,0
7,2,5,5,6,4,1,1,3,1
0,0,0,0,0,0,0,0,1,0
0,0,3,0,1,0,0,0,0,0
0,1,0,0,0,2,0,0,0,0
0,0,0,0,0,1,0,0,0,0
1,0,0,0,0,0,0,0,0,0
0,2,0,0,0,0,0,0,0,0
0,0,0,1,0,0,0,0,1,0
0,0,0,5,0,0,0,0,0,0
0,0,0,3,0,0,0,0,0,0
0,1,0,1,0,1,0,0,0,0
1,0,0,0,0,0,0,0,1,1
0,0,0,1,0,0,0,0,0,0
0,0,1,3,0,0,0,0,0,0
1,2,0,3,0,1,0,0,0,0
1,0,0,0,0,0,0,0,0,0
0,2,0,0,0,0,0,0,0,0
0,0,0,0,0,0,0,1,0,1
0,0,0,0,0,1,0,0,0,0
0,0,0,0,0,1,0,0,0,0
0,0,0,0,0,2,0,0,0,0
0,0,0,0,0,0,2,0,0,1
0,0,0,1,0,0,0,0,0,0
0,0,0,1,0,0,0,0,0,0
0,0,0,1,0,0,0,0,0,0
0,0,0,0,0,0,0,0,0,1
0,0,1,0,0,0,0,0,0,0
0,0,0,1,0,0,0,0,0,0
0,0,0,0,2,0,0,1,0,0
0,1,0,0,0,1,0,0,1,0
0,0,0,0,0,0,0,1,0,0
0,0,0,1,0,0,0,0,0,0
0,0,0,0,0,0,0,1,0,0
0,0,0,1,0,0,0,0,0,0
0,0,0,1,0,0,0,0,0,0
0,0,0,0,0,2,0,0,0,0
0,1,0,0,0,0,0,0,0,0
1,0,0,0,0,0,0,0,0,0
0,0,0,1,0,0,0,0,0,0
0,0,0,1,0,0,0,0,0,0
1,0,0,0,0,0,0,0,0,0
